bern(0)

ans =

    -1

bern(1)

ans =

    -8.333333333333334e-02

bern(2)

ans =

     1.388888888888891e-03

bern(3)

ans =

    -3.306878306878335e-05

bern(4)

ans =

     8.267195767196095e-07

bern(5)

ans =

    -2.087675698787157e-08

bern(6)

ans =

     5.284190138691068e-10

bern(7)

ans =

    -1.338253653072106e-11

bern(8)

ans =

     3.389680296359488e-13

bern(9)

ans =

    -8.586062056651918e-15

bern(10)

ans =

     2.174868698937123e-16

diary off
gadap(0,1,@(x) x^-x,0,10^-1)
     1


ans =

     1.291537197998492e+00

gadap(0,1,@(x) x^-x,0,10^-2)
     1


ans =

     1.291537197998492e+00

gadap(0,1,@(x) x^-x,0,10^-3)
     1


ans =

     1.291537197998492e+00

gadap(0,1,@(x) x^-x,0,10^-4)
     1

     2

     3


ans =

     1.291351947020117e+00

gadap(0,1,@(x) x^-x,0,10^-5)
     1

     2

     3

     4

     5

     6

     7

     8

     9

    10

    11


ans =

     1.291286273300089e+00

gadap(0,1,@(x) x^-x,0,10^-6)
     1

     2

     3

     4

     5

     6

     7

     8

     9

    10

    11

    12

    13

    14

    15

    16

    17


ans =

     1.291286001537428e+00

gadap(0,1,@(x) x^-x,0,10^-7)
     1

     2

     3

     4

     5

     6

     7

     8

     9

    10

    11

    12

    13

    14

    15

    16

    17

    18

    19

    20

    21

    22

    23

    24

    25


ans =

     1.291285997208071e+00

gadap(0,1,@(x) x^-x,0,10^-8)
     1

     2

     3

     4

     5

     6

     7

     8

     9

    10

    11

    12

    13

    14

    15

    16

    17

    18

    19

    20

    21

    22

    23

    24

    25

    26

    27

    28

    29

    30

    31


ans =

     1.291285997191336e+00

gadap(0,1,@(x) x^-x,0,10^-9)
     1

     2

     3

     4

     5

     6

     7

     8

     9

    10

    11

    12

    13

    14

    15

    16

    17

    18

    19

    20

    21

    22

    23

    24

    25

    26

    27

    28

    29

    30

    31

    32

    33

    34

    35

    36

    37


ans =

     1.291285997191074e+00

gadap(0,1,@(x) x^-x,0,10^-10)
     1

     2

     3

     4

     5

     6

     7

     8

     9

    10

    11

    12

    13

    14

    15

    16

    17

    18

    19

    20

    21

    22

    23

    24

    25

    26

    27

    28

    29

    30

    31

    32

    33

    34

    35

    36

    37

    38

    39

    40

    41

    42

    43

    44

    45

    46

    47


ans =

     1.291285997098493e+00

diary off
pleg(1/2, 1)

ans =

     5.000000000000000e-01

pleg(1/2, 2)

ans =

    -8.333333333333331e-02

pleg(1/2, 3)

ans =

    -1.750000000000000e-01

pleg(1/2, 4)

ans =

    -6.607142857142857e-02

pleg(1/2, 5)

ans =

     1.140873015873015e-02

diary off
[a b] = gaussint(1)

a =

     2


b =

     0

[a b] = gaussint(2)

a =

     1     1


b =

    -5.773502691896257e-01     5.773502691896257e-01

[a b] = gaussint(3)

a =

     5.555555555555555e-01     8.888888888888888e-01     5.555555555555556e-01


b =

    -7.745966692414834e-01                         0     7.745966692414834e-01

[a b] = gaussint(4)

a =

  Columns 1 through 3

     3.478548451374538e-01     6.521451548625460e-01     6.521451548625460e-01

  Column 4

     3.478548451374540e-01


b =

  Columns 1 through 3

    -8.611363115940526e-01    -3.399810435848562e-01     3.399810435848562e-01

  Column 4

     8.611363115940526e-01

[a b] = gaussint(5)

a =

  Columns 1 through 3

     2.369268850561893e-01     4.786286704993662e-01     5.688888888888893e-01

  Columns 4 through 5

     4.786286704993661e-01     2.369268850561893e-01


b =

  Columns 1 through 3

    -9.061798459386639e-01    -5.384693101056831e-01                         0

  Columns 4 through 5

     5.384693101056831e-01     9.061798459386639e-01

[a b] = gaussint(6)

a =

  Columns 1 through 3

     1.713244923791704e-01     3.607615730481383e-01     4.679139345726911e-01

  Columns 4 through 6

     4.679139345726910e-01     3.607615730481384e-01     1.713244923791704e-01


b =

  Columns 1 through 3

    -9.324695142031519e-01    -6.612093864662645e-01    -2.386191860831969e-01

  Columns 4 through 6

     2.386191860831969e-01     6.612093864662645e-01     9.324695142031519e-01

diary off
[a b] = gaussint(1)

a =

     2


b =

     0

summat(1,1,@(x) a(x)*b(x))

ans =

     0

[a b] = gaussint(2)

a =

     1     1


b =

    -5.773502691896257e-01     5.773502691896257e-01

summat(1,2,@(x) a(x)*b(x))

ans =

     0

[a b] = gaussint(3)

a =

     5.555555555555555e-01     8.888888888888888e-01     5.555555555555556e-01


b =

    -7.745966692414834e-01                         0     7.745966692414834e-01

summat(1,3,@(x) a(x)*b(x))

ans =

     5.551115123125783e-17

[a b] = gaussint(4)

a =

  Columns 1 through 3

     3.478548451374538e-01     6.521451548625460e-01     6.521451548625460e-01

  Column 4

     3.478548451374540e-01


b =

  Columns 1 through 3

    -8.611363115940526e-01    -3.399810435848562e-01     3.399810435848562e-01

  Column 4

     8.611363115940526e-01

summat(1,4,@(x) a(x)*b(x))

ans =

     1.665334536937735e-16

[a b] = gaussint(5)

a =

  Columns 1 through 3

     2.369268850561893e-01     4.786286704993662e-01     5.688888888888893e-01

  Columns 4 through 5

     4.786286704993661e-01     2.369268850561893e-01


b =

  Columns 1 through 3

    -9.061798459386639e-01    -5.384693101056831e-01                         0

  Columns 4 through 5

     5.384693101056831e-01     9.061798459386639e-01

summat(1,5,@(x) a(x)*b(x))

ans =

    -2.775557561562891e-17

[a b] = gaussint(6)

a =

  Columns 1 through 3

     1.713244923791704e-01     3.607615730481383e-01     4.679139345726911e-01

  Columns 4 through 6

     4.679139345726910e-01     3.607615730481384e-01     1.713244923791704e-01


b =

  Columns 1 through 3

    -9.324695142031519e-01    -6.612093864662645e-01    -2.386191860831969e-01

  Columns 4 through 6

     2.386191860831969e-01     6.612093864662645e-01     9.324695142031519e-01

summat(1,6,@(x) a(x)*b(x))

ans =

    -2.775557561562891e-17

[a b] = gaussint(7)

a =

  Columns 1 through 3

     1.294849661688696e-01     2.797053914892768e-01     3.818300505051188e-01

  Columns 4 through 6

     4.179591836734694e-01     3.818300505051188e-01     2.797053914892769e-01

  Column 7

     1.294849661688696e-01


b =

  Columns 1 through 3

    -9.491079123427586e-01    -7.415311855993945e-01    -4.058451513773971e-01

  Columns 4 through 6

                         0     4.058451513773971e-01     7.415311855993945e-01

  Column 7

     9.491079123427586e-01

summat(1,7,@(x) a(x)*b(x))

ans =

     1.249000902703301e-16

[a b] = gaussint(8)

a =

  Columns 1 through 3

     1.012285362903763e-01     2.223810344533744e-01     3.137066458778875e-01

  Columns 4 through 6

     3.626837833783618e-01     3.626837833783618e-01     3.137066458778874e-01

  Columns 7 through 8

     2.223810344533743e-01     1.012285362903763e-01


b =

  Columns 1 through 3

    -9.602898564975362e-01    -7.966664774136267e-01    -5.255324099163290e-01

  Columns 4 through 6

    -1.834346424956498e-01     1.834346424956498e-01     5.255324099163290e-01

  Columns 7 through 8

     7.966664774136267e-01     9.602898564975362e-01

summat(1,8,@(x) a(x)*b(x))

ans =

    -2.775557561562891e-17

[a b] = gaussint(9)

a =

  Columns 1 through 3

     8.127438836157437e-02     1.806481606948574e-01     2.606106964029357e-01

  Columns 4 through 6

     3.123470770400026e-01     3.302393550012598e-01     3.123470770400025e-01

  Columns 7 through 9

     2.606106964029356e-01     1.806481606948573e-01     8.127438836157438e-02


b =

  Columns 1 through 3

    -9.681602395076261e-01    -8.360311073266359e-01    -6.133714327005904e-01

  Columns 4 through 6

    -3.242534234038089e-01                         0     3.242534234038089e-01

